010010000000000000000
010010000000000000000
010010000000000000000
010010000000000000000
010010000000000000000
010010000000000000000
010010000000000000000
010010000000000000000
010010000000000000000
010010000000000000000
010010000000000000000
010010000000000000000
010010000000000000000
010010000000000000000
010010000000000000000
010010000000000000000
010010000000000000000
010010000000000000000
010010000000000000000
010010000000000000000
010010000000000000000
010010000000000000000
010010000000000000000
010010000000000000000
010010000000000000000
010010000000000000000
010010000000000000000
010010000000000000000
010010000000000000000
010010000000000000000
010010000000000000000
010010000000000000000
010010000000000000000
010010000000000000000
010010000000000000000
010010000000000000000
010010000000000000000
010010000000000000000
010010000000000000000
010010000000000000000
010010000000000000000
010010000000000000000
010010000000000000000
010010000000000000000
010010000000000000000
010010000000000000000
010010000000000000000
010010000000000000000
010010000000000000000
010010000000000000000
010010000000000000000
010010000000000000000
010010000000000000000
010010000000000000000
010010000000000000000
010010000000000000000
010010000000000000000
010010000000000000000
010010000000000000000
010010000000000000000
010010000000000000000
010010000000000000000
010010000000000000000
010010000000000000000
010010000000000000000
010010000000000000000
010010000000000000000
010010000000000000000
010010000000000000000
010010000000000000000
010010000000000000000
010010000000000000000
010010000000000000000
010010000000000000000
010010000000000000000
010010000000000000000
010010000000000000000
010010000000000000000
